1.525986067693165804e-01
9.764088779872170942e-02
1.184538586861927367e-02
9.140640879081773917e-02
1.070311441851707901e-01
1.708048707612278561e-01
2.191552548331455741e-01
7.199144712502003607e-02
9.454531073745264802e-02
2.327872523831875373e-02
4.808995333876853184e-02
7.733462691297032787e-02
9.332324063626629140e-02
5.180580888420849295e-02
5.324844231240133396e-02
4.729979767657033207e-02
5.712170340474576058e-02
3.356383401411677792e-02
3.190795627677134316e-02
2.841083497332999031e-01
1.689806798516968467e-01
1.630164078215405876e-01
7.983913039184686866e-02
9.242412639332941993e-02
9.926269877642679429e-02
1.191172008134853133e-01
1.180082914558501228e-01
9.462686927414176719e-02
1.144253343061073513e-01
1.085318867735231008e-01
3.530693888474700781e-02
1.015576668331091836e-01
1.110410618261147286e-01
9.978421256670022554e-02
4.709240715537921229e-02
6.063414708028791456e-02
1.981019646174942972e-01
1.870691521227402232e-01
2.099691936937987391e-01
2.010415944535893784e-01
7.164200988719482410e-02
1.086391572670764027e-01
1.807873995510870246e-01
1.745894233602968137e-01
2.090286608075785368e-01
2.172517220842387076e-01
1.881766202045670466e-01
1.904987715626468292e-01
1.512388920462603981e-02
6.027048673778889754e-02
1.009852314570715004e-01
3.047572703372480873e-02
1.485750647220769327e-01
8.509728413387440682e-02
1.195123639729078757e-02
5.266866432316830160e-02
1.245762155473555399e-01
4.058107559708501455e-02
1.447218668095815453e-01
1.012961502690234994e-01
1.121332512292358974e-01
6.914756453686532467e-02
1.039799638167197005e-01
6.357329971849434713e-02
9.493737400196189391e-02
1.106140965274784449e-01
8.485628131277678232e-02
1.624828711639381140e-03
-1.721447194096281663e-04
1.829824779723676631e-02
3.724246959788635181e-02
2.928015300652397901e-02
6.210274759688938495e-03
3.938942497631825468e-03
-6.446880364134877084e-04
-7.518513138879967528e-04
9.958776950093728431e-03
7.683597431301758540e-03
1.074193359110431345e-02
1.540608766885553926e-03
1.010186446458494203e-02
8.876811932471917466e-03
2.426777025182247360e-02
1.118348198969731921e-02
4.963145202701690906e-03
4.491877222643214651e-03
8.362709760392328384e-03
2.108523146744012422e-02
