-8.128211814591947137e-02
-5.264537468411242815e-02
-5.848463846405458667e-03
-4.821509928934169381e-02
-5.692670424807435431e-02
-9.434100812003533287e-02
-1.277583713730668369e-01
-3.869330410599378794e-02
-4.935746666504411961e-02
-1.214800449540704222e-02
-2.522368935213244873e-02
-4.043134039898927529e-02
-4.901899892481700188e-02
-2.586631571021499182e-02
-2.742022726373598632e-02
-2.521620700122700898e-02
-3.117730217006263807e-02
-1.733975642955300905e-02
-1.622808418112857767e-02
-1.707542225407350234e-01
-9.965885651827659231e-02
-9.706084516251348160e-02
-4.131139940545568850e-02
-4.830281704029620871e-02
-5.269670595982601374e-02
-6.349575848544568302e-02
-6.499841100780699710e-02
-4.992875135480950854e-02
-6.130181723963126078e-02
-5.740995633748140897e-02
-1.773352475603081832e-02
-5.580021383748520747e-02
-5.917050739781730406e-02
-5.291841698836347724e-02
-2.833016438964664277e-02
-3.620764231068253347e-02
-1.166701410924732979e-01
-1.097059658541864186e-01
-1.184763287527348108e-01
-1.117817553914257772e-01
-4.057777582664361810e-02
-6.239139234449079391e-02
-1.025091134874059895e-01
-9.844457326904793026e-02
-1.203218461536013917e-01
-1.238670643384271047e-01
-1.044812763749840834e-01
-1.056393661025722130e-01
-8.465520879258170428e-03
-2.932329054331401022e-02
-5.834952402164782920e-02
-1.694266230340332399e-02
-8.362252183404338124e-02
-5.137535682613107030e-02
-5.374542725415707052e-03
-2.773199770081831786e-02
-7.264358526399487814e-02
-2.346674474395546439e-02
-8.284847595414411570e-02
-6.430059139822037750e-02
-6.224921010782671904e-02
-4.414604316433231451e-02
-6.767253293585295815e-02
-3.236840064916658710e-02
-4.879748330715212579e-02
-6.813692022521489200e-02
-5.468177124620720447e-02
7.245777041058396170e-04
7.532236216873285614e-06
-1.005708449256204756e-02
-1.868842604561942941e-02
-1.923305409766846996e-02
-3.484321535976919824e-03
-2.073210180194612513e-03
3.265699079660511640e-04
1.197770113443917149e-03
-4.464242472584506460e-03
-3.888785412982400519e-03
-5.980195980364687650e-03
-7.330295177242342024e-04
-8.063022018780152331e-03
-4.780770910087083977e-03
-1.224190991222552823e-02
-5.539237061129222151e-03
-2.501369524135151328e-03
-2.163704176768736168e-03
-4.168464820471541599e-03
-1.096740589724042383e-02
