5.105331032482289833e-249
3.380604302431224676e-153
4.525983462815090454e-19
2.187425544883111214e-144
3.446355782624549194e-169
2.369241271619058671e-281
0.000000000000000000e+00
7.551258950091990189e-112
4.651835617362497103e-150
1.295062236056013270e-36
3.559066639346642216e-74
3.783742120994123391e-120
4.338495784668052873e-146
5.412824051816095296e-80
7.533687714821815866e-82
6.589566736492698179e-73
5.408402114361538406e-88
1.205503924204708633e-51
3.280813470637017060e-49
0.000000000000000000e+00
5.799355306908670967e-281
2.735752178686871315e-271
2.817800710297293761e-129
1.121026417758383522e-144
4.795477750761993602e-158
1.637071467367135697e-190
2.329006653898097314e-191
1.354684252128008061e-148
2.814744054199684643e-182
1.828056357134329691e-171
1.139539570130795456e-54
1.158569078870940499e-159
1.107414341021050105e-175
1.013802791084584054e-156
7.399090746199398520e-73
4.028348518807530211e-94
0.000000000000000000e+00
0.000000000000000000e+00
0.000000000000000000e+00
0.000000000000000000e+00
1.890139023796998244e-112
1.548897290532724273e-171
1.710517407445066641e-300
1.120386008701015637e-288
0.000000000000000000e+00
0.000000000000000000e+00
0.000000000000000000e+00
0.000000000000000000e+00
8.579187939076741640e-34
3.329726099296004293e-93
4.522438486465542548e-163
3.181054704836042583e-47
2.839730554058637063e-244
1.341209454788230609e-133
1.220389011090736796e-27
1.165444383630247041e-85
1.116385275669790339e-199
1.103429534268517696e-62
1.849483014092398996e-236
2.289231028350700187e-159
1.491984855364563785e-177
7.171953946271245587e-107
7.261174570297222399e-164
4.939711799650593182e-98
1.070429875293183057e-148
6.868249259949474203e-175
1.841888526665658344e-132
1.689998410590353231e-04
2.380140519201791038e-01
1.075457831445719260e-28
8.024414783667238589e-59
4.172076480105333646e-45
4.110097314282510495e-12
2.074743712865232853e-07
5.260731913940682736e-01
6.047392763280022912e-03
2.614516980666884652e-16
6.485169918864926685e-13
1.658206168553693878e-17
2.965200670815022321e-04
1.952015988044186375e-16
1.301110149780521391e-14
4.208862014277092432e-38
4.694238086424994573e-18
7.556069819701598285e-09
3.828565728237262345e-08
3.633743189265122240e-14
7.908387686678668726e-33
