3.912983109072004084e-01
3.125262859206985322e-01
1.089979928244516894e-01
3.038706487853515270e-01
3.274923712387896035e-01
4.132857687388279411e-01
4.681438449933649770e-01
2.688350622507729160e-01
3.094783907190409300e-01
1.537654896260327586e-01
2.198029082430293657e-01
2.782900646116673871e-01
3.055676211411620935e-01
2.281773528205482959e-01
2.307769651901795949e-01
2.179299708274767267e-01
2.391504806703532715e-01
1.833243549685904805e-01
1.788907390441216716e-01
5.330503511288864349e-01
4.130318748042356436e-01
4.066353895392849083e-01
2.882550831727143104e-01
3.041608572260857679e-01
3.171605658031973474e-01
3.461447043544023661e-01
3.468578529074157757e-01
3.080432837420080672e-01
3.391035191178882746e-01
3.295500695262793545e-01
1.886747610818045873e-01
3.186868278392539500e-01
3.333199882902246891e-01
3.159026082621191889e-01
2.178552390798204064e-01
2.471774618680375180e-01
4.450866511321820429e-01
4.325508185778179637e-01
4.590916452909428180e-01
4.491689163503647109e-01
2.695337902517636053e-01
3.296148754844359097e-01
4.254980474524702183e-01
4.180252024778428055e-01
4.606125330696951847e-01
4.674002715997909174e-01
4.355298948160215011e-01
4.367608036015390161e-01
1.475157571237118437e-01
2.459952895454868838e-01
3.218735739952286457e-01
1.751834671052964476e-01
3.879126948600686298e-01
2.928286328306748398e-01
1.328211879413842555e-01
2.360105276213768644e-01
3.537595274470187179e-01
2.021084580107000428e-01
3.822414424800687494e-01
3.184083500404869538e-01
3.349739620491665737e-01
2.629673318205666410e-01
3.226103661352985874e-01
2.521458192729671977e-01
3.081438076816084282e-01
3.326159097694504352e-01
2.916333958986703778e-01
4.609539254312738921e-02
1.446973987565666059e-02
1.354580549928578737e-01
1.957616113541776337e-01
1.711361971879646893e-01
8.482417805986637582e-02
6.359353239898973831e-02
7.775178157682186529e-03
3.365362690270612411e-02
1.001021219076358437e-01
8.794670443968960472e-02
1.040540640412337126e-01
4.434493781462826162e-02
1.005282131401945556e-01
9.422035859745045427e-02
1.569569500501576120e-01
1.058130883106876419e-01
7.074224958757086013e-02
6.733098909868107107e-02
9.261272238822999825e-02
1.453141376893212766e-01
