3.199254756296943808e-02
2.865277568791177801e-02
2.198247662427216947e-02
2.444197121095672068e-02
2.347492933172376853e-02
2.825702423279542047e-02
2.738884588175896986e-02
2.419141714829928930e-02
2.411776687984177811e-02
2.692490445106046279e-02
2.487121833843073532e-02
3.218235617296823919e-02
3.138791001860536528e-02
3.430914776191779092e-02
3.425070189178847091e-02
2.566997705637836386e-02
2.582378578982493303e-02
3.648808966770073631e-02
3.718076583434387627e-02
2.075359059041143039e-01
4.609578390370955390e+02
4.612791858711453301e+02
2.969033395530199755e+02
2.971413852875967905e+02
4.467863628833417238e+02
4.585694880787955867e+02
3.568753321405943666e+02
2.962566709003129972e+02
6.533687784273577108e+02
6.557611693792197229e+02
6.668729996638869579e+02
7.426223873770479713e+02
2.990730308785354623e+02
3.027561529055450364e+02
8.063155716066562491e+02
8.504307879094769760e+02
5.542945505925017642e+02
5.645593472616196777e+02
5.676432615896410425e+02
5.251758980222358559e+02
2.516703184531191368e+02
2.606349768391613111e+02
3.260724927823310395e+02
3.439183897620831090e+02
2.027594704184838577e+02
2.300080524685155865e+02
1.056663982316053136e+02
1.046579577778279457e+02
5.321134213302429750e+00
1.299829373183463976e-01
1.159398324151255377e-01
2.976170634474223364e-01
1.387168961301487591e-01
1.308251283576584156e-01
1.492776127852890156e+01
1.442921196197048672e-01
1.275968477403157386e-01
2.542295640327982831e-01
1.284462500803162655e-01
1.331395917938638374e-01
1.613853547969827940e-01
1.642592379189651564e-01
1.648267462571732511e-01
1.384048907357608715e-01
1.637941222296839527e-01
1.765183068962241641e-01
1.521300194554220109e-01
9.591828775891344527e-01
9.214945059015615669e-01
9.201655818389667951e-01
7.488448871276152108e-01
6.729124009862207378e-01
8.330042079466650762e-01
1.173291934147131288e+00
9.592298352302753850e-01
9.664109140616742311e-01
8.594015926932916383e-01
9.318594905322488131e-01
9.518770063636219358e-01
9.613682256164525208e-01
8.561468966998768693e-01
8.960231975277086480e-01
1.002931687000055749e+00
8.696587114956336739e-01
9.245304368116538107e-01
9.167704910259667495e-01
8.765267605016263675e-01
1.119952326638841811e+00
