8.510454400670074415e-01
9.033372412213286351e-01
9.885474354780745543e-01
9.117443105274680715e-01
8.950278463248816374e-01
8.328173148105012524e-01
7.834272585709617376e-01
9.286577863848628489e-01
9.072654120646939102e-01
9.768916261071055596e-01
9.525096331943481154e-01
9.226998792785073844e-01
9.067247401101323767e-01
9.501255075984689213e-01
9.471014191497938439e-01
9.527061509453398358e-01
9.428810963612785923e-01
9.666741387831881971e-01
9.681066444521705394e-01
7.191048549200873552e-01
8.310429879452757573e-01
8.370365586145971371e-01
9.214305221835132897e-01
9.081105409972690667e-01
9.009859442994243572e-01
8.808957963816218539e-01
8.827828670366091313e-01
9.062761747056761186e-01
8.857338050149754505e-01
8.915260209836751715e-01
9.651490701096162583e-01
8.986009587698763346e-01
8.890581633081444668e-01
9.005420127387493423e-01
9.529429801756773566e-01
9.394947750193954894e-01
8.027057606239579313e-01
8.138764603666646114e-01
7.905885987518066482e-01
8.006153767420832734e-01
9.284512933637149024e-01
8.917828725487956243e-01
8.192196931636512858e-01
8.254118312727772855e-01
7.910287776607874966e-01
7.828612625034782058e-01
8.122082551737259681e-01
8.096000556490933198e-01
9.854375875248869709e-01
9.437500613821128148e-01
9.006305740338031995e-01
9.704761130003033420e-01
8.549581406540578410e-01
9.150379902106987595e-01
9.902874485557099371e-01
9.490847250634929511e-01
8.761563976806414633e-01
9.601840709781809258e-01
8.578708163503742101e-01
8.988566814117801007e-01
8.882796843253450980e-01
9.331777733519616147e-01
9.007665661013619651e-01
9.381455085846219788e-01
9.093771387201542433e-01
8.953158327356194324e-01
9.187379907072933394e-01
1.003354266124024008e+00
1.000311015244344626e+00
9.817023487439426876e-01
9.641675969169873905e-01
9.736716075515147173e-01
9.938064147669848358e-01
9.966055254233466831e-01
1.000662990074566938e+00
1.002307686272523757e+00
9.911455545496514752e-01
9.924427056504007139e-01
9.894588270216931880e-01
9.991101986584739469e-01
9.951415839598783952e-01
9.911508004700463337e-01
9.759582421556270981e-01
9.892833026238183614e-01
9.952720385925334368e-01
9.957007609176173890e-01
9.919587404523142471e-01
9.789467937585214496e-01
